0 315 349 132 68 
1 333 361 107 56 
2 330 359 113 60 
3 330 354 114 60 
4 331 352 112 62 
5 331 354 116 60 
6 331 354 118 60 
7 330 353 134 63 
8 327 353 141 62 
9 330 355 119 59 
10 330 355 117 59 
11 330 355 118 59 
12 330 355 118 59 
13 330 355 119 59 
14 330 355 116 59 
15 328 354 115 62 
16 319 350 128 67 
17 306 336 135 81 
18 288 309 162 99 
19 281 277 174 139 
20 271 241 197 174 
21 243 192 260 217 
22 236 154 285 260 16 159 594 256 2 327 87 99 
23 197 109 361 297 
24 129 82 483 321 
25 121 76 496 334 
26 108 93 517 322 
27 224 107 384 307 
28 232 157 286 257 
29 235 183 250 229 
30 216 220 237 172 
31 225 240 200 170 
32 225 245 193 166 
33 221 240 192 172 
34 218 239 192 173 
35 219 235 196 175 
